0 43 1
0 30 3
0 55 2
1 17 2
1 36 2
1 30 1
3 60 4
3 20 1
4 60 2
4 36 2
4 5 4
5 17 3
5 46 1
5 36 0
6 25 3
6 60 0
7 29 2
7 15 3
8 40 0
8 51 3
8 13 4
8 21 1
9 53 0
9 15 2
10 25 4
10 42 1
10 51 3
10 38 3
11 32 4
11 57 4
11 13 4
12 32 1
12 35 1
12 36 2
12 40 3
12 41 4
12 13 2
13 35 2
13 21 0
13 30 1
14 21 3
15 58 3
15 35 2
15 39 0
16 47 0
16 37 1
16 30 4
16 31 2
17 51 2
18 25 1
18 59 0
18 21 3
19 34 0
20 27 4
21 33 3
21 51 3
21 59 1
22 33 2
22 58 0
24 49 1
24 30 3
25 32 2
25 41 1
25 46 4
25 42 1
26 48 0
27 36 0
27 43 1
27 38 3
27 41 4
28 39 0
29 32 4
29 55 2
29 37 3
31 46 1
32 38 1
32 39 1
32 45 1
32 50 3
33 40 4
34 41 3
34 54 0
35 40 4
36 41 2
36 42 0
37 51 3
38 60 1
39 43 1
39 45 1
39 52 3
40 55 3
41 42 0
41 43 2
42 60 4
43 50 4
43 51 0
43 55 1
46 60 0
47 48 3
47 58 2
51 60 2
51 53 3
54 56 2
56 59 2
56 60 1
                                                                                                                                                                                                                                                                                                                                                                                                                                                                                                                                                                                                                                                                                                                                                                                                                                 