0 4 3
0 21 4
0 69 4
1 18 2
1 87 3
1 56 4
1 59 1
1 92 0
1 93 4
1 95 4
2 88 1
2 98 4
2 44 4
3 64 0
3 18 4
3 39 2
4 71 4
4 8 0
4 39 0
4 19 4
4 52 4
5 25 4
5 59 2
5 12 0
5 69 0
5 14 4
6 58 1
7 24 2
7 38 4
7 14 1
7 39 3
9 38 2
9 14 0
9 87 1
10 89 1
10 82 3
10 77 0
11 30 2
11 31 1
12 44 0
12 19 2
12 54 1
12 92 0
12 61 4
13 66 4
14 35 2
14 48 4
14 94 1
14 63 3
15 64 2
15 52 2
16 83 4
16 60 3
16 38 4
17 21 0
18 37 4
18 62 0
19 66 0
19 27 0
20 43 2
20 77 0
21 64 2
21 31 3
22 84 1
22 28 3
23 33 0
23 65 0
25 40 3
25 67 4
26 80 1
26 65 2
26 83 2
26 76 1
27 50 3
27 62 0
30 49 2
31 66 1
31 67 3
31 42 3
31 77 0
31 49 0
32 56 2
32 65 0
32 76 1
34 68 0
34 45 4
34 63 2
35 90 4
35 60 3
35 71 1
36 82 1
36 93 3
36 55 0
37 91 3
37 38 1
39 82 4
39 62 1
40 81 3
41 83 4
41 70 4
41 54 3
42 87 1
42 93 0
43 50 3
44 90 1
45 98 2
45 83 3
45 61 3
46 100 4
46 68 0
47 59 1
47 93 1
47 54 2
48 79 2
49 82 2
50 85 2
51 96 1
51 84 4
51 87 3
52 90 3
53 55 4
54 83 1
55 69 3
57 96 0
59 75 2
59 97 1
61 90 4
61 98 4
62 72 0
62 91 1
63 76 4
65 96 3
67 78 0
69 89 2
69 96 3
71 79 1
72 73 4
76 100 1
77 88 0
83 95 2
85 96 2
85 91 3
89 90 3
90 95 0
91 96 0
95 98 4
