   0  26    5
   0  33    5
   1  37    4
   1  29    4
   1  22    5
   1  23    4
   1   8    0
   2  35    0
   2  18    4
   3   2    2
   3  10    5
   3  26    5
   3  13    1
   3   8    3
   3  35    1
   4  18    5
   4  34    1
   4  32    2
   6   3    3
   7  29    0
   7   1    3
   7  26    0
   8  38    2
   8  29    3
   9  20    4
   9  34    4
  10  26    3
  10  27    2
  11   1    2
  11  13    5
  11  17    5
  12   0    0
  12  34    5
  12  23    0
  13  21    3
  13  18    4
  13   8    5
  13  29    1
  13  37    1
  13  22    0
  13   9    5
  13  32    3
  14  11    2
  14  28    3
  15  25    3
  15  16    2
  15  31    3
  15  14    1
  16  24    5
  16  13    4
  16  23    5
  16   6    2
  16  12    4
  16   5    3
  17  16    3
  19   0    1
  19   4    5
  20  12    3
  20  16    1
  20  36    4
  20  11    4
  21  35    5
  21  26    2
  21  34    0
  22  33    0
  22   5    4
  22  36    4
  23   7    2
  23  19    4
  23  17    4
  24  39    2
  24  31    3
  24  19    2
  24  14    3
  25  10    4
  25  11    2
  25  39    0
  25   1    3
  26  38    3
  26  34    2
  27  22    3
  27  15    5
  28  13    0
  29  17    4
  29  21    0
  30   8    2
  30  22    4
  31  23    2
  31  30    5
  31  38    4
  32   7    0
  33   9    3
  33   5    2
  33  26    1
  33  30    5
  33  24    4
  34  33    2
  34  32    0
  35   9    3
  35   8    5
  35  22    3
  36   9    5
  37   8    1
  37  24    0
  37   6    0
  37   9    0
  38  15    3
  38   3    2
  38   2    5
  39  16    0
  39   9    5
  39   8    5