  1  17    5
   1   8    5
   1  10    4
   1   0    4
   1   7    5
   2   5    4
   2  10    0
   4  17    0
   4   3    4
   5   3    2
   5  11    5
   5  16    5
   5   1    1
   6  17    3
   7   8    1
   7   0    5
   7  13    1
   7  10    2
   8  13    3
   8  14    0
   8   9    3
   9  10    0
   9  15    2
   9  13    3
  10  14    4
  10  19    4
  10  16    3
  11   1    2
  12   4    2
  12  11    5
  12   2    5
  13  10    0
  13  11    5
  13  14    0
  15  14    3
  15   7    4
  15  13    5
  15   2    1
  15   6    1
  16  13    0
  16  11    5
  16   6    3
  16   9    2
  17  10    3
  17  19    3
  17  18    2
  18  15    3
  18  10    1
  18  12    5
  19  11    4
  19   5    5
  19   7    2
  19   9    4
  19   8    3
  19   3    3
  19   0    1
   0   0